Ti	X(Ti)	Y(Ti)
0,0000	0,0000	1,0000
0,0057	0,0057	1,0000
0,0113	0,0113	0,9994
0,0170	0,0170	0,9981
0,0227	0,0227	0,9962
0,0284	0,0283	0,9937
0,0340	0,0340	0,9905
0,0397	0,0396	0,9868
0,0454	0,0452	0,9823
0,0511	0,0508	0,9773
0,0567	0,0563	0,9717
0,0624	0,0618	0,9654
0,0681	0,0673	0,9585
0,0738	0,0727	0,9510
0,0794	0,0781	0,9429
0,0851	0,0835	0,9343
0,0908	0,0888	0,9250
0,0965	0,0940	0,9151
0,1021	0,0992	0,9046
0,1078	0,1044	0,8936
0,1135	0,1094	0,8820
0,1192	0,1144	0,8699
0,1248	0,1194	0,8572
0,1305	0,1242	0,8439
0,1362	0,1290	0,8301
0,1418	0,1337	0,8158
0,1475	0,1384	0,8009
0,1532	0,1429	0,7856
0,1589	0,1474	0,7697
0,1645	0,1517	0,7534
0,1702	0,1560	0,7366
0,1759	0,1602	0,7193
0,1816	0,1643	0,7015
0,1872	0,1682	0,6833
0,1929	0,1721	0,6647
0,1986	0,1759	0,6456
0,2043	0,1796	0,6261
0,2099	0,1831	0,6062
0,2156	0,1866	0,5860
0,2213	0,1899	0,5653
0,2270	0,1931	0,5443
0,2326	0,1962	0,5229
0,2383	0,1991	0,5012
0,2440	0,2020	0,4792
0,2497	0,2047	0,4569
0,2553	0,2073	0,4343
0,2610	0,2098	0,4113
0,2667	0,2121	0,3882
0,2724	0,2143	0,3647
0,2780	0,2164	0,3411
0,2837	0,2183	0,3172
0,2894	0,2201	0,2930
0,2950	0,2218	0,2687
0,3007	0,2233	0,2443
0,3064	0,2247	0,2196
0,3121	0,2259	0,1948
0,3177	0,2270	0,1699
0,3234	0,2280	0,1448
0,3291	0,2288	0,1196
0,3348	0,2295	0,0944
0,3404	0,2300	0,0691
0,3461	0,2304	0,0437
0,3518	0,2307	0,0183
0,3575	0,2308	-0,0072
0,3631	0,2307	-0,0326
0,3688	0,2305	-0,0581
0,3745	0,2302	-0,0835
0,3802	0,2297	-0,1089
0,3858	0,2291	-0,1343
0,3915	0,2284	-0,1596
0,3972	0,2275	-0,1848
0,4029	0,2264	-0,2099
0,4085	0,2252	-0,2349
0,4142	0,2239	-0,2597
0,4199	0,2224	-0,2844
0,4256	0,2208	-0,3090
0,4312	0,2190	-0,3334
0,4369	0,2171	-0,3576
0,4426	0,2151	-0,3816
0,4482	0,2130	-0,4053
0,4539	0,2107	-0,4288
0,4596	0,2082	-0,4521
0,4653	0,2057	-0,4751
0,4709	0,2030	-0,4979
0,4766	0,2001	-0,5203
0,4823	0,1972	-0,5424
0,4880	0,1941	-0,5643
0,4936	0,1909	-0,5857
0,4993	0,1876	-0,6068
0,5050	0,1841	-0,6276
0,5107	0,1806	-0,6480
0,5163	0,1769	-0,6680
0,5220	0,1731	-0,6876
0,5277	0,1692	-0,7067
0,5334	0,1652	-0,7255
0,5390	0,1611	-0,7438
0,5447	0,1569	-0,7617
0,5504	0,1525	-0,7790
0,5561	0,1481	-0,7960
0,5617	0,1436	-0,8124
0,5674	0,1390	-0,8283
0,5731	0,1343	-0,8437
0,5787	0,1295	-0,8586
0,5844	0,1246	-0,8730
0,5901	0,1197	-0,8869
0,5958	0,1146	-0,9002
0,6014	0,1095	-0,9129
0,6071	0,1044	-0,9251
0,6128	0,0991	-0,9367
0,6185	0,0938	-0,9477
0,6241	0,0884	-0,9581
0,6298	0,0830	-0,9679
0,6355	0,0775	-0,9772
0,6412	0,0719	-0,9858
0,6468	0,0664	-0,9938
0,6525	0,0607	-1,0012
0,6582	0,0550	-1,0079
0,6639	0,0493	-1,0140
0,6695	0,0436	-1,0195
0,6752	0,0378	-1,0244
0,6809	0,0320	-1,0286
0,6866	0,0261	-1,0321
0,6922	0,0203	-1,0350
0,6979	0,0144	-1,0373
0,7036	0,0085	-1,0389
0,7093	0,0026	-1,0398
0,7149	-0,0033	-1,0401
0,7206	-0,0092	-1,0398
0,7263	-0,0151	-1,0388
0,7319	-0,0210	-1,0371
0,7376	-0,0269	-1,0347
0,7433	-0,0327	-1,0317
0,7490	-0,0386	-1,0281
0,7546	-0,0444	-1,0238
0,7603	-0,0502	-1,0189
0,7660	-0,0560	-1,0133
0,7717	-0,0618	-1,0070
0,7773	-0,0675	-1,0002
0,7830	-0,0731	-0,9927
0,7887	-0,0788	-0,9845
0,7944	-0,0844	-0,9758
0,8000	-0,0899	-0,9664
0,8057	-0,0954	-0,9564
0,8114	-0,1008	-0,9458
0,8171	-0,1062	-0,9346
0,8227	-0,1115	-0,9228
0,8284	-0,1167	-0,9104
0,8341	-0,1219	-0,8974
0,8398	-0,1270	-0,8839
0,8454	-0,1320	-0,8698
0,8511	-0,1369	-0,8552
0,8568	-0,1418	-0,8400
0,8624	-0,1465	-0,8242
0,8681	-0,1512	-0,8080
0,8738	-0,1558	-0,7912
0,8795	-0,1603	-0,7739
0,8851	-0,1647	-0,7562
0,8908	-0,1690	-0,7379
0,8965	-0,1732	-0,7192
0,9022	-0,1772	-0,7000
0,9078	-0,1812	-0,6804
0,9135	-0,1851	-0,6603
0,9192	-0,1888	-0,6398
0,9249	-0,1925	-0,6189
0,9305	-0,1960	-0,5976
0,9362	-0,1994	-0,5760
0,9419	-0,2026	-0,5539
0,9476	-0,2058	-0,5315
0,9532	-0,2088	-0,5088
0,9589	-0,2117	-0,4857
0,9646	-0,2144	-0,4623
0,9703	-0,2171	-0,4386
0,9759	-0,2195	-0,4146
0,9816	-0,2219	-0,3904
0,9873	-0,2241	-0,3659
0,9930	-0,2262	-0,3412
0,9986	-0,2281	-0,3162
1,0043	-0,2299	-0,2910
1,0100	-0,2316	-0,2656
1,0156	-0,2331	-0,2401
1,0213	-0,2344	-0,2144
1,0270	-0,2356	-0,1885
1,0327	-0,2367	-0,1625
1,0383	-0,2376	-0,1364
1,0440	-0,2384	-0,1102
1,0497	-0,2390	-0,0839
1,0554	-0,2395	-0,0576
1,0610	-0,2398	-0,0312
1,0667	-0,2400	-0,0047
1,0724	-0,2400	0,0217
1,0781	-0,2399	0,0482
1,0837	-0,2397	0,0747
1,0894	-0,2392	0,1011
1,0951	-0,2387	0,1275
1,1008	-0,2379	0,1538
1,1064	-0,2371	0,1800
1,1121	-0,2360	0,2062
1,1178	-0,2349	0,2322
1,1235	-0,2335	0,2581
1,1291	-0,2321	0,2839
1,1348	-0,2305	0,3095
1,1405	-0,2287	0,3349
1,1461	-0,2268	0,3601
1,1518	-0,2248	0,3852
1,1575	-0,2226	0,4100
1,1632	-0,2203	0,4346
1,1688	-0,2178	0,4589
1,1745	-0,2152	0,4829
1,1802	-0,2125	0,5067
1,1859	-0,2096	0,5302
1,1915	-0,2066	0,5534
1,1972	-0,2034	0,5762
1,2029	-0,2002	0,5987
1,2086	-0,1968	0,6208
1,2142	-0,1932	0,6426
1,2199	-0,1896	0,6640
1,2256	-0,1858	0,6849
1,2313	-0,1819	0,7055
1,2369	-0,1779	0,7256
1,2426	-0,1738	0,7453
1,2483	-0,1696	0,7646
1,2540	-0,1653	0,7834
1,2596	-0,1608	0,8017
1,2653	-0,1563	0,8195
1,2710	-0,1516	0,8369
1,2767	-0,1469	0,8537
1,2823	-0,1420	0,8700
1,2880	-0,1371	0,8857
1,2937	-0,1321	0,9009
1,2993	-0,1269	0,9156
1,3050	-0,1217	0,9297
1,3107	-0,1165	0,9432
1,3164	-0,1111	0,9561
1,3220	-0,1057	0,9685
1,3277	-0,1002	0,9802
1,3334	-0,0946	0,9914
1,3391	-0,0890	1,0019
1,3447	-0,0833	1,0118
1,3504	-0,0776	1,0210
1,3561	-0,0718	1,0297
1,3618	-0,0660	1,0377
1,3674	-0,0601	1,0450
1,3731	-0,0541	1,0517
1,3788	-0,0482	1,0577
1,3845	-0,0422	1,0631
1,3901	-0,0361	1,0678
1,3958	-0,0301	1,0718
1,4015	-0,0240	1,0751
1,4072	-0,0179	1,0778
1,4128	-0,0118	1,0798
1,4185	-0,0057	1,0811
h = 0,0057
Dados:
Intervalo: 0,00 a 1,42	N=250,00	Comprimento do fio: 0,50	X(0,00)=0,0000	Y(0,00)=1,0000